combo_id,window_size,lr_actor,dyn_sim_M,dyn_sim_deterministic,dyn_sim_pl_weight,lam,actor_weight,kappa_unc,kf_mode,dyn_use_sim,kf_q,kf_r,evaluate_best_on_test,seed,best_val_sharpe,best_val_sharpe_epoch,best_policy_path,used_best_policy,used_policy_epoch,used_policy_path,test_sharpe,test_total_return,test_mean_return,test_std_return,min_return
0,10,0.001,20,True,0.1,1.0,1.0,1.0,learned,True,0.00022,0.00015,False,3,2.1471824645996094,1325,grid_search_results/policies/policy_combo0_seed3.pt,False,2999,grid_search_results/final_policies/final_policy_combo0_seed3.pt,1.3604135513305664,1.1726289987564087,0.0005497738602571189,0.006415237672626972,-0.06069040298461914
0,10,0.001,20,True,0.1,1.0,1.0,1.0,learned,True,0.00022,0.00015,False,1,2.2007434368133545,1715,grid_search_results/policies/policy_combo0_seed1.pt,False,2999,grid_search_results/final_policies/final_policy_combo0_seed1.pt,1.472028136253357,1.1805158853530884,0.0005748915136791766,0.006199681665748358,-0.057540714740753174
0,10,0.001,20,True,0.1,1.0,1.0,1.0,learned,True,0.00022,0.00015,False,0,2.088636636734009,2165,grid_search_results/policies/policy_combo0_seed0.pt,False,2999,grid_search_results/final_policies/final_policy_combo0_seed0.pt,1.4032745361328125,1.1719448566436768,0.000547595031093806,0.006194645073264837,-0.058780789375305176
0,10,0.001,20,True,0.1,1.0,1.0,1.0,learned,True,0.00022,0.00015,False,2,2.1355996131896973,1960,grid_search_results/policies/policy_combo0_seed2.pt,False,2999,grid_search_results/final_policies/final_policy_combo0_seed2.pt,1.4871153831481934,1.1804242134094238,0.0005745994276367128,0.006133665796369314,-0.05844777822494507
0,10,0.001,20,True,0.1,1.0,1.0,1.0,learned,True,0.00022,0.00015,False,4,2.269082546234131,2040,grid_search_results/policies/policy_combo0_seed4.pt,False,2999,grid_search_results/final_policies/final_policy_combo0_seed4.pt,0.8859305381774902,1.1200213432312012,0.0003822335274890065,0.006849025376141071,-0.061814963817596436
0,10,0.001,20,True,0.1,1.0,1.0,1.0,learned,True,0.00022,0.00015,False,6,2.0253119468688965,1680,grid_search_results/policies/policy_combo0_seed6.pt,False,2999,grid_search_results/final_policies/final_policy_combo0_seed6.pt,1.480499505996704,1.177895188331604,0.0005665450589731336,0.006074713077396154,-0.055145978927612305
0,10,0.001,20,True,0.1,1.0,1.0,1.0,learned,True,0.00022,0.00015,False,5,2.156618118286133,1405,grid_search_results/policies/policy_combo0_seed5.pt,False,2999,grid_search_results/final_policies/final_policy_combo0_seed5.pt,1.4803547859191895,1.1804571151733398,0.0005747040268033743,0.006162799429148436,-0.05792975425720215
0,10,0.001,20,True,0.1,1.0,1.0,1.0,learned,True,0.00022,0.00015,False,7,2.080319881439209,2855,grid_search_results/policies/policy_combo0_seed7.pt,False,2999,grid_search_results/final_policies/final_policy_combo0_seed7.pt,1.5396169424057007,1.1920459270477295,0.0006116113509051502,0.006306123454123735,-0.057211339473724365
0,10,0.001,20,True,0.1,1.0,1.0,1.0,learned,True,0.00022,0.00015,False,10,2.0017406940460205,1780,grid_search_results/policies/policy_combo0_seed10.pt,False,2999,grid_search_results/final_policies/final_policy_combo0_seed10.pt,1.6694966554641724,1.209234595298767,0.0006663522799499333,0.0063360403291881084,-0.056254029273986816
0,10,0.001,20,True,0.1,1.0,1.0,1.0,learned,True,0.00022,0.00015,False,9,2.324477195739746,2425,grid_search_results/policies/policy_combo0_seed9.pt,False,2999,grid_search_results/final_policies/final_policy_combo0_seed9.pt,1.2228915691375732,1.158318281173706,0.0005041983094997704,0.006545051001012325,-0.06118190288543701
0,10,0.001,20,True,0.1,1.0,1.0,1.0,learned,True,0.00022,0.00015,False,8,2.09778094291687,1940,grid_search_results/policies/policy_combo0_seed8.pt,False,2999,grid_search_results/final_policies/final_policy_combo0_seed8.pt,1.3806148767471313,1.1709697246551514,0.0005444894195534289,0.006260607857257128,-0.058162569999694824
0,10,0.001,20,True,0.1,1.0,1.0,1.0,learned,True,0.00022,0.00015,False,11,2.0371205806732178,2870,grid_search_results/policies/policy_combo0_seed11.pt,False,2999,grid_search_results/final_policies/final_policy_combo0_seed11.pt,1.3075207471847534,1.1668739318847656,0.0005314454319886863,0.00645222794264555,-0.055884361267089844
0,10,0.001,20,True,0.1,1.0,1.0,1.0,learned,True,0.00022,0.00015,False,12,1.925780177116394,480,grid_search_results/policies/policy_combo0_seed12.pt,False,2999,grid_search_results/final_policies/final_policy_combo0_seed12.pt,1.0201327800750732,1.1414328813552856,0.0004504231328610331,0.007009122986346483,-0.0705270767211914
0,10,0.001,20,True,0.1,1.0,1.0,1.0,learned,True,0.00022,0.00015,False,13,2.1041553020477295,1515,grid_search_results/policies/policy_combo0_seed13.pt,False,2999,grid_search_results/final_policies/final_policy_combo0_seed13.pt,1.481699824333191,1.1816043853759766,0.0005783580709248781,0.006196352653205395,-0.057794272899627686
0,10,0.001,20,True,0.1,1.0,1.0,1.0,learned,True,0.00022,0.00015,False,15,2.1722922325134277,2325,grid_search_results/policies/policy_combo0_seed15.pt,False,2999,grid_search_results/final_policies/final_policy_combo0_seed15.pt,1.2896968126296997,1.1557772159576416,0.0004961055819876492,0.006106411572545767,-0.05945378541946411
0,10,0.001,20,True,0.1,1.0,1.0,1.0,learned,True,0.00022,0.00015,False,14,2.114227533340454,2310,grid_search_results/policies/policy_combo0_seed14.pt,False,2999,grid_search_results/final_policies/final_policy_combo0_seed14.pt,1.2777303457260132,1.1592110395431519,0.0005070414044894278,0.006299466826021671,-0.055194079875946045
0,10,0.001,20,True,0.1,1.0,1.0,1.0,learned,True,0.00022,0.00015,False,16,2.1396872997283936,1075,grid_search_results/policies/policy_combo0_seed16.pt,False,2999,grid_search_results/final_policies/final_policy_combo0_seed16.pt,1.4406116008758545,1.1767146587371826,0.0005627854261547327,0.006201482377946377,-0.057697832584381104
0,10,0.001,20,True,0.1,1.0,1.0,1.0,learned,True,0.00022,0.00015,False,17,2.113806962966919,2990,grid_search_results/policies/policy_combo0_seed17.pt,False,2999,grid_search_results/final_policies/final_policy_combo0_seed17.pt,1.529355764389038,1.184877872467041,0.000588783121202141,0.006111480295658112,-0.056195855140686035
0,10,0.001,20,True,0.1,1.0,1.0,1.0,learned,True,0.00022,0.00015,False,20,2.176971673965454,2100,grid_search_results/policies/policy_combo0_seed20.pt,False,2999,grid_search_results/final_policies/final_policy_combo0_seed20.pt,1.485054612159729,1.1825339794158936,0.0005813182797282934,0.006213998422026634,-0.057567477226257324
0,10,0.001,20,True,0.1,1.0,1.0,1.0,learned,True,0.00022,0.00015,False,19,2.1729485988616943,1585,grid_search_results/policies/policy_combo0_seed19.pt,False,2999,grid_search_results/final_policies/final_policy_combo0_seed19.pt,1.2010821104049683,1.1487582921981812,0.00047375261783599854,0.006261501461267471,-0.057769715785980225
0,10,0.001,20,True,0.1,1.0,1.0,1.0,learned,True,0.00022,0.00015,False,21,2.182504177093506,2740,grid_search_results/policies/policy_combo0_seed21.pt,False,2999,grid_search_results/final_policies/final_policy_combo0_seed21.pt,1.4253932237625122,1.1751164197921753,0.0005576956318691373,0.006211008410900831,-0.05767947435379028
0,10,0.001,20,True,0.1,1.0,1.0,1.0,learned,True,0.00022,0.00015,False,22,2.160457134246826,2745,grid_search_results/policies/policy_combo0_seed22.pt,False,2999,grid_search_results/final_policies/final_policy_combo0_seed22.pt,1.4932276010513306,1.187099814414978,0.0005958593683317304,0.006334573496133089,-0.05731308460235596
0,10,0.001,20,True,0.1,1.0,1.0,1.0,learned,True,0.00022,0.00015,False,23,1.8861217498779297,2375,grid_search_results/policies/policy_combo0_seed23.pt,False,2999,grid_search_results/final_policies/final_policy_combo0_seed23.pt,1.5782039165496826,1.1974108219146729,0.0006286969291977584,0.0063237957656383514,-0.06085258722305298
0,10,0.001,20,True,0.1,1.0,1.0,1.0,learned,True,0.00022,0.00015,False,24,2.187981367111206,2175,grid_search_results/policies/policy_combo0_seed24.pt,False,2999,grid_search_results/final_policies/final_policy_combo0_seed24.pt,1.3751394748687744,1.1762149333953857,0.0005611942615360022,0.006478375289589167,-0.06087231636047363
0,10,0.001,20,True,0.1,1.0,1.0,1.0,learned,True,0.00022,0.00015,False,25,2.1174094676971436,1245,grid_search_results/policies/policy_combo0_seed25.pt,False,2999,grid_search_results/final_policies/final_policy_combo0_seed25.pt,1.4740020036697388,1.17923104763031,0.0005707995733246207,0.006147310603410006,-0.057448506355285645
0,10,0.001,20,True,0.1,1.0,1.0,1.0,learned,True,0.00022,0.00015,False,26,2.1095376014709473,1235,grid_search_results/policies/policy_combo0_seed26.pt,False,2999,grid_search_results/final_policies/final_policy_combo0_seed26.pt,1.4538387060165405,1.1780592203140259,0.0005670676473528147,0.006191818509250879,-0.0582539439201355
0,10,0.001,20,True,0.1,1.0,1.0,1.0,learned,True,0.00022,0.00015,False,27,2.123260259628296,2300,grid_search_results/policies/policy_combo0_seed27.pt,False,2999,grid_search_results/final_policies/final_policy_combo0_seed27.pt,1.4722667932510376,1.1809306144714355,0.0005762120708823204,0.006212915293872356,-0.0576896071434021
0,10,0.001,20,True,0.1,1.0,1.0,1.0,learned,True,0.00022,0.00015,False,28,2.159578561782837,1485,grid_search_results/policies/policy_combo0_seed28.pt,False,2999,grid_search_results/final_policies/final_policy_combo0_seed28.pt,1.4205529689788818,1.1745065450668335,0.0005557533004321158,0.006210465915501118,-0.05869650840759277
0,10,0.001,20,True,0.1,1.0,1.0,1.0,learned,True,0.00022,0.00015,False,29,2.041592597961426,1670,grid_search_results/policies/policy_combo0_seed29.pt,False,2999,grid_search_results/final_policies/final_policy_combo0_seed29.pt,1.2630081176757812,1.1547809839248657,0.0004929330898448825,0.006195572204887867,-0.06534832715988159
0,10,0.001,20,True,0.1,1.0,1.0,1.0,learned,True,0.00022,0.00015,False,30,2.104316473007202,2235,grid_search_results/policies/policy_combo0_seed30.pt,False,2999,grid_search_results/final_policies/final_policy_combo0_seed30.pt,0.6988721489906311,1.1024526357650757,0.00032628231565468013,0.007411319296807051,-0.06655335426330566
0,10,0.001,20,True,0.1,1.0,1.0,1.0,learned,True,0.00022,0.00015,False,31,2.2350871562957764,1295,grid_search_results/policies/policy_combo0_seed31.pt,False,2999,grid_search_results/final_policies/final_policy_combo0_seed31.pt,1.589148998260498,1.1931554079055786,0.0006151444977149367,0.006144861690700054,-0.05513966083526611
0,10,0.001,20,True,0.1,1.0,1.0,1.0,learned,True,0.00022,0.00015,False,32,2.157106876373291,2670,grid_search_results/policies/policy_combo0_seed32.pt,False,2999,grid_search_results/final_policies/final_policy_combo0_seed32.pt,0.7258444428443909,1.098509669303894,0.00031372508965432644,0.00686128344386816,-0.0736650824546814
0,10,0.001,20,True,0.1,1.0,1.0,1.0,learned,True,0.00022,0.00015,False,33,2.1474199295043945,2750,grid_search_results/policies/policy_combo0_seed33.pt,False,2999,grid_search_results/final_policies/final_policy_combo0_seed33.pt,1.1697853803634644,1.1443984508514404,0.00045986782060936093,0.006240601185709238,-0.06578409671783447
0,10,0.001,20,True,0.1,1.0,1.0,1.0,learned,True,0.00022,0.00015,False,34,1.9078110456466675,715,grid_search_results/policies/policy_combo0_seed34.pt,False,2999,grid_search_results/final_policies/final_policy_combo0_seed34.pt,1.3796504735946655,1.1697142124176025,0.0005404913099482656,0.006218980997800827,-0.05871117115020752
0,10,0.001,20,True,0.1,1.0,1.0,1.0,learned,True,0.00022,0.00015,False,35,2.1814022064208984,1105,grid_search_results/policies/policy_combo0_seed35.pt,False,2999,grid_search_results/final_policies/final_policy_combo0_seed35.pt,1.4120231866836548,1.1740896701812744,0.0005544255836866796,0.006233056075870991,-0.05791878700256348
0,10,0.001,20,True,0.1,1.0,1.0,1.0,learned,True,0.00022,0.00015,False,36,2.0542893409729004,2930,grid_search_results/policies/policy_combo0_seed36.pt,False,2999,grid_search_results/final_policies/final_policy_combo0_seed36.pt,1.4079759120941162,1.17253577709198,0.0005494768847711384,0.006195177789777517,-0.05908370018005371
0,10,0.001,20,True,0.1,1.0,1.0,1.0,learned,True,0.00022,0.00015,False,37,2.1989142894744873,1315,grid_search_results/policies/policy_combo0_seed37.pt,False,2999,grid_search_results/final_policies/final_policy_combo0_seed37.pt,1.5459038019180298,1.1915009021759033,0.0006098755984567106,0.006262653507292271,-0.05738633871078491
0,10,0.001,20,True,0.1,1.0,1.0,1.0,learned,True,0.00022,0.00015,False,38,2.2172129154205322,2155,grid_search_results/policies/policy_combo0_seed38.pt,False,2999,grid_search_results/final_policies/final_policy_combo0_seed38.pt,1.6182143688201904,1.2158681154251099,0.0006874781684018672,0.00674407696351409,-0.05178254842758179
0,10,0.001,20,True,0.1,1.0,1.0,1.0,learned,True,0.00022,0.00015,False,39,2.159832239151001,1470,grid_search_results/policies/policy_combo0_seed39.pt,False,2999,grid_search_results/final_policies/final_policy_combo0_seed39.pt,1.4438867568969727,1.1769113540649414,0.0005634117405861616,0.006194301415234804,-0.05779576301574707
0,10,0.001,20,True,0.1,1.0,1.0,1.0,learned,True,0.00022,0.00015,False,40,2.0141258239746094,665,grid_search_results/policies/policy_combo0_seed40.pt,False,2999,grid_search_results/final_policies/final_policy_combo0_seed40.pt,1.3942004442214966,1.1700005531311035,0.0005414032493717968,0.006164462771266699,-0.059040069580078125
0,10,0.001,20,True,0.1,1.0,1.0,1.0,learned,True,0.00022,0.00015,False,41,2.178894281387329,605,grid_search_results/policies/policy_combo0_seed41.pt,False,2999,grid_search_results/final_policies/final_policy_combo0_seed41.pt,1.4503716230392456,1.1777881383895874,0.0005662041949108243,0.0061971694231033325,-0.05864572525024414
0,10,0.001,20,True,0.1,1.0,1.0,1.0,learned,True,0.00022,0.00015,False,42,2.2576911449432373,2005,grid_search_results/policies/policy_combo0_seed42.pt,False,2999,grid_search_results/final_policies/final_policy_combo0_seed42.pt,0.86573326587677,1.1172051429748535,0.00037326483288779855,0.006844356190413237,-0.06152147054672241
0,10,0.001,20,True,0.1,1.0,1.0,1.0,learned,True,0.00022,0.00015,False,43,1.9605813026428223,570,grid_search_results/policies/policy_combo0_seed43.pt,False,2999,grid_search_results/final_policies/final_policy_combo0_seed43.pt,1.4958187341690063,1.1920751333236694,0.0006117043667472899,0.006491756532341242,-0.051833510398864746
0,10,0.001,20,True,0.1,1.0,1.0,1.0,learned,True,0.00022,0.00015,False,44,1.9911175966262817,1535,grid_search_results/policies/policy_combo0_seed44.pt,False,2999,grid_search_results/final_policies/final_policy_combo0_seed44.pt,1.395133137702942,1.1687554121017456,0.0005374375032261014,0.006115217227488756,-0.05811464786529541
0,10,0.001,20,True,0.1,1.0,1.0,1.0,learned,True,0.00022,0.00015,False,45,2.3164114952087402,2895,grid_search_results/policies/policy_combo0_seed45.pt,False,2999,grid_search_results/final_policies/final_policy_combo0_seed45.pt,1.9526722431182861,1.247785210609436,0.0007891247514635324,0.006415284238755703,-0.05403578281402588
0,10,0.001,20,True,0.1,1.0,1.0,1.0,learned,True,0.00022,0.00015,False,47,2.2436726093292236,2985,grid_search_results/policies/policy_combo0_seed47.pt,False,2999,grid_search_results/final_policies/final_policy_combo0_seed47.pt,1.4116542339324951,1.1734615564346313,0.0005524253938347101,0.0062121921218931675,-0.05533301830291748
1,10,0.001,20,True,0.1,1.0,1.0,1.0,fixed,True,0.00022,0.00015,False,0,2.18617844581604,2960,grid_search_results/policies/policy_combo1_seed0.pt,False,2999,grid_search_results/final_policies/final_policy_combo1_seed0.pt,1.1993420124053955,1.1617718935012817,0.0005151972291059792,0.006819148547947407,-0.06412887573242188
1,10,0.001,20,True,0.1,1.0,1.0,1.0,fixed,True,0.00022,0.00015,False,1,2.0974996089935303,1585,grid_search_results/policies/policy_combo1_seed1.pt,False,2999,grid_search_results/final_policies/final_policy_combo1_seed1.pt,1.0108659267425537,1.1353065967559814,0.0004309125361032784,0.0067669847048819065,-0.06944406032562256
1,10,0.001,20,True,0.1,1.0,1.0,1.0,fixed,True,0.00022,0.00015,False,2,2.039363384246826,1250,grid_search_results/policies/policy_combo1_seed2.pt,False,2999,grid_search_results/final_policies/final_policy_combo1_seed2.pt,1.2539362907409668,1.1680861711502075,0.0005353063461370766,0.006776829250156879,-0.06458956003189087
1,10,0.001,20,True,0.1,1.0,1.0,1.0,fixed,True,0.00022,0.00015,False,3,2.019197463989258,1045,grid_search_results/policies/policy_combo1_seed3.pt,False,2999,grid_search_results/final_policies/final_policy_combo1_seed3.pt,1.5565928220748901,1.2026551961898804,0.0006453988025896251,0.006581922527402639,-0.06936544179916382
1,10,0.001,20,True,0.1,1.0,1.0,1.0,fixed,True,0.00022,0.00015,False,4,2.19272518157959,1500,grid_search_results/policies/policy_combo1_seed4.pt,False,2999,grid_search_results/final_policies/final_policy_combo1_seed4.pt,1.575724720954895,1.2085003852844238,0.0006640140200033784,0.006689544301480055,-0.062274396419525146
1,10,0.001,20,True,0.1,1.0,1.0,1.0,fixed,True,0.00022,0.00015,False,5,2.1604387760162354,1160,grid_search_results/policies/policy_combo1_seed5.pt,False,2999,grid_search_results/final_policies/final_policy_combo1_seed5.pt,1.558411955833435,1.1986688375473022,0.0006327034207060933,0.006444919854402542,-0.06227421760559082
0,10,0.001,20,True,0.1,1.0,1.0,1.0,learned,True,0.00022,0.00015,False,48,2.0062952041625977,1750,grid_search_results/policies/policy_combo0_seed48.pt,False,2999,grid_search_results/final_policies/final_policy_combo0_seed48.pt,1.5280455350875854,1.1870393753051758,0.0005956669338047504,0.006188234779983759,-0.05822199583053589
0,10,0.001,20,True,0.1,1.0,1.0,1.0,learned,True,0.00022,0.00015,False,49,2.1733248233795166,1405,grid_search_results/policies/policy_combo0_seed49.pt,False,2999,grid_search_results/final_policies/final_policy_combo0_seed49.pt,1.4876329898834229,1.1828964948654175,0.0005824730033054948,0.006215550471097231,-0.057247698307037354
1,10,0.001,20,True,0.1,1.0,1.0,1.0,fixed,True,0.00022,0.00015,False,6,2.1418914794921875,2555,grid_search_results/policies/policy_combo1_seed6.pt,False,2999,grid_search_results/final_policies/final_policy_combo1_seed6.pt,1.6528255939483643,1.2131239175796509,0.0006787386955693364,0.006518912967294455,-0.06353789567947388
1,10,0.001,20,True,0.1,1.0,1.0,1.0,fixed,True,0.00022,0.00015,False,7,1.901483416557312,1770,grid_search_results/policies/policy_combo1_seed7.pt,False,2999,grid_search_results/final_policies/final_policy_combo1_seed7.pt,0.9172599911689758,1.126668930053711,0.00040340417763218284,0.006981481332331896,-0.0687175989151001
1,10,0.001,20,True,0.1,1.0,1.0,1.0,fixed,True,0.00022,0.00015,False,8,2.2260286808013916,1405,grid_search_results/policies/policy_combo1_seed8.pt,False,2999,grid_search_results/final_policies/final_policy_combo1_seed8.pt,1.3186358213424683,1.1681653261184692,0.0005355584435164928,0.006447355262935162,-0.0633973479270935
1,10,0.001,20,True,0.1,1.0,1.0,1.0,fixed,True,0.00022,0.00015,False,9,1.935018539428711,705,grid_search_results/policies/policy_combo1_seed9.pt,False,2999,grid_search_results/final_policies/final_policy_combo1_seed9.pt,1.218768835067749,1.1596970558166504,0.0005085894954390824,0.0066243866458535194,-0.062480032444000244
1,10,0.001,20,True,0.1,1.0,1.0,1.0,fixed,True,0.00022,0.00015,False,10,2.103485584259033,1560,grid_search_results/policies/policy_combo1_seed10.pt,False,2999,grid_search_results/final_policies/final_policy_combo1_seed10.pt,1.2720457315444946,1.1760493516921997,0.0005606667837128043,0.006996836978942156,-0.06586939096450806
1,10,0.001,20,True,0.1,1.0,1.0,1.0,fixed,True,0.00022,0.00015,False,11,2.085942506790161,1255,grid_search_results/policies/policy_combo1_seed11.pt,False,2999,grid_search_results/final_policies/final_policy_combo1_seed11.pt,1.4097830057144165,1.1872444152832031,0.0005963199073448777,0.006714700721204281,-0.06541574001312256
1,10,0.001,20,True,0.1,1.0,1.0,1.0,fixed,True,0.00022,0.00015,False,12,1.9496519565582275,990,grid_search_results/policies/policy_combo1_seed12.pt,False,2999,grid_search_results/final_policies/final_policy_combo1_seed12.pt,1.5237388610839844,1.1951689720153809,0.0006215571775101125,0.006475453265011311,-0.06120806932449341
1,10,0.001,20,True,0.1,1.0,1.0,1.0,fixed,True,0.00022,0.00015,False,13,1.9678817987442017,1410,grid_search_results/policies/policy_combo1_seed13.pt,False,2999,grid_search_results/final_policies/final_policy_combo1_seed13.pt,1.0828258991241455,1.1418038606643677,0.0004516048065852374,0.006620632950216532,-0.0592418909072876
1,10,0.001,20,True,0.1,1.0,1.0,1.0,fixed,True,0.00022,0.00015,False,14,1.9816769361495972,1035,grid_search_results/policies/policy_combo1_seed14.pt,False,2999,grid_search_results/final_policies/final_policy_combo1_seed14.pt,1.2211105823516846,1.1522603034973145,0.00048490538029000163,0.006303788162767887,-0.071871817111969
1,10,0.001,20,True,0.1,1.0,1.0,1.0,fixed,True,0.00022,0.00015,False,16,2.1816771030426025,1420,grid_search_results/policies/policy_combo1_seed16.pt,False,2999,grid_search_results/final_policies/final_policy_combo1_seed16.pt,1.7120254039764404,1.2280653715133667,0.0007263229344971478,0.0067347148433327675,-0.05888724327087402
1,10,0.001,20,True,0.1,1.0,1.0,1.0,fixed,True,0.00022,0.00015,False,17,1.9332045316696167,1380,grid_search_results/policies/policy_combo1_seed17.pt,False,2999,grid_search_results/final_policies/final_policy_combo1_seed17.pt,1.3629661798477173,1.1804958581924438,0.0005748275434598327,0.006695023737847805,-0.06317073106765747
1,10,0.001,20,True,0.1,1.0,1.0,1.0,fixed,True,0.00022,0.00015,False,15,1.9670097827911377,2920,grid_search_results/policies/policy_combo1_seed15.pt,False,2999,grid_search_results/final_policies/final_policy_combo1_seed15.pt,1.4920177459716797,1.195822834968567,0.0006236395565792918,0.006635280791670084,-0.06070369482040405
1,10,0.001,20,True,0.1,1.0,1.0,1.0,fixed,True,0.00022,0.00015,False,18,1.892103672027588,965,grid_search_results/policies/policy_combo1_seed18.pt,False,2999,grid_search_results/final_policies/final_policy_combo1_seed18.pt,0.8040347695350647,1.1104893684387207,0.00035187695175409317,0.006947293411940336,-0.0603259801864624
1,10,0.001,20,True,0.1,1.0,1.0,1.0,fixed,True,0.00022,0.00015,False,19,1.908128023147583,1105,grid_search_results/policies/policy_combo1_seed19.pt,False,2999,grid_search_results/final_policies/final_policy_combo1_seed19.pt,1.3664562702178955,1.1746412515640259,0.0005561822326853871,0.006461316253989935,-0.0561753511428833
1,10,0.001,20,True,0.1,1.0,1.0,1.0,fixed,True,0.00022,0.00015,False,20,2.5536417961120605,2785,grid_search_results/policies/policy_combo1_seed20.pt,False,2999,grid_search_results/final_policies/final_policy_combo1_seed20.pt,1.6427648067474365,1.2113326787948608,0.0006730339373461902,0.006503710523247719,-0.059626221656799316
1,10,0.001,20,True,0.1,1.0,1.0,1.0,fixed,True,0.00022,0.00015,False,21,2.065791606903076,1990,grid_search_results/policies/policy_combo1_seed21.pt,False,2999,grid_search_results/final_policies/final_policy_combo1_seed21.pt,1.4213398694992065,1.1869109869003296,0.0005952580249868333,0.006648243870586157,-0.054681599140167236
1,10,0.001,20,True,0.1,1.0,1.0,1.0,fixed,True,0.00022,0.00015,False,22,2.151308298110962,1400,grid_search_results/policies/policy_combo1_seed22.pt,False,2999,grid_search_results/final_policies/final_policy_combo1_seed22.pt,1.4360889196395874,1.1962506771087646,0.0006250019650906324,0.006908753886818886,-0.06040745973587036
1,10,0.001,20,True,0.1,1.0,1.0,1.0,fixed,True,0.00022,0.00015,False,24,1.8796018362045288,980,grid_search_results/policies/policy_combo1_seed24.pt,False,2999,grid_search_results/final_policies/final_policy_combo1_seed24.pt,1.6893047094345093,1.2219810485839844,0.0007069461862556636,0.00664321007207036,-0.055473506450653076
1,10,0.001,20,True,0.1,1.0,1.0,1.0,fixed,True,0.00022,0.00015,False,23,2.287461996078491,2405,grid_search_results/policies/policy_combo1_seed23.pt,False,2999,grid_search_results/final_policies/final_policy_combo1_seed23.pt,1.4883724451065063,1.1936274766921997,0.0006166479433886707,0.006576961372047663,-0.06210833787918091
1,10,0.001,20,True,0.1,1.0,1.0,1.0,fixed,True,0.00022,0.00015,False,25,2.105306386947632,1330,grid_search_results/policies/policy_combo1_seed25.pt,False,2999,grid_search_results/final_policies/final_policy_combo1_seed25.pt,1.5050448179244995,1.2030583620071411,0.0006466825725510716,0.006820895243436098,-0.0692184567451477
1,10,0.001,20,True,0.1,1.0,1.0,1.0,fixed,True,0.00022,0.00015,False,26,1.9287258386611938,1065,grid_search_results/policies/policy_combo1_seed26.pt,False,2999,grid_search_results/final_policies/final_policy_combo1_seed26.pt,1.604683518409729,1.207721471786499,0.0006615332094952464,0.006544280331581831,-0.06483131647109985
1,10,0.001,20,True,0.1,1.0,1.0,1.0,fixed,True,0.00022,0.00015,False,27,2.0218777656555176,1605,grid_search_results/policies/policy_combo1_seed27.pt,False,2999,grid_search_results/final_policies/final_policy_combo1_seed27.pt,1.1992849111557007,1.1595995426177979,0.00050827901577577,0.006727898493409157,-0.0617671012878418
1,10,0.001,20,True,0.1,1.0,1.0,1.0,fixed,True,0.00022,0.00015,False,28,1.8493739366531372,765,grid_search_results/policies/policy_combo1_seed28.pt,False,2999,grid_search_results/final_policies/final_policy_combo1_seed28.pt,1.3422107696533203,1.1751134395599365,0.0005576859693974257,0.006595817394554615,-0.05518263578414917
1,10,0.001,20,True,0.1,1.0,1.0,1.0,fixed,True,0.00022,0.00015,False,29,2.0485479831695557,870,grid_search_results/policies/policy_combo1_seed29.pt,False,2999,grid_search_results/final_policies/final_policy_combo1_seed29.pt,1.5374042987823486,1.1980661153793335,0.0006307837320491672,0.006513163913041353,-0.059848666191101074
1,10,0.001,20,True,0.1,1.0,1.0,1.0,fixed,True,0.00022,0.00015,False,30,2.080660104751587,1650,grid_search_results/policies/policy_combo1_seed30.pt,False,2999,grid_search_results/final_policies/final_policy_combo1_seed30.pt,1.0634782314300537,1.1434378623962402,0.00045680848415941,0.006818756926804781,-0.05813157558441162
1,10,0.001,20,True,0.1,1.0,1.0,1.0,fixed,True,0.00022,0.00015,False,31,1.9017393589019775,775,grid_search_results/policies/policy_combo1_seed31.pt,False,2999,grid_search_results/final_policies/final_policy_combo1_seed31.pt,1.34638249874115,1.1765637397766113,0.000562304921913892,0.00662984000518918,-0.06374001502990723
1,10,0.001,20,True,0.1,1.0,1.0,1.0,fixed,True,0.00022,0.00015,False,32,2.2178540229797363,2555,grid_search_results/policies/policy_combo1_seed32.pt,False,2999,grid_search_results/final_policies/final_policy_combo1_seed32.pt,1.2150343656539917,1.1718631982803345,0.0005473350174725056,0.0071509601548314095,-0.07401996850967407
1,10,0.001,20,True,0.1,1.0,1.0,1.0,fixed,True,0.00022,0.00015,False,33,2.257204055786133,2275,grid_search_results/policies/policy_combo1_seed33.pt,False,2999,grid_search_results/final_policies/final_policy_combo1_seed33.pt,1.3308414220809937,1.1722984313964844,0.0005487210000865161,0.006545229349285364,-0.05854254961013794
1,10,0.001,20,True,0.1,1.0,1.0,1.0,fixed,True,0.00022,0.00015,False,34,2.1211252212524414,1075,grid_search_results/policies/policy_combo1_seed34.pt,False,2999,grid_search_results/final_policies/final_policy_combo1_seed34.pt,1.3968398571014404,1.1857510805130005,0.0005915640504099429,0.0067228712141513824,-0.06971108913421631
1,10,0.001,20,True,0.1,1.0,1.0,1.0,fixed,True,0.00022,0.00015,False,35,2.10471773147583,1525,grid_search_results/policies/policy_combo1_seed35.pt,False,2999,grid_search_results/final_policies/final_policy_combo1_seed35.pt,1.6162199974060059,1.2032983303070068,0.0006474469555541873,0.006359212566167116,-0.054803431034088135
1,10,0.001,20,True,0.1,1.0,1.0,1.0,fixed,True,0.00022,0.00015,False,36,2.244575262069702,1390,grid_search_results/policies/policy_combo1_seed36.pt,False,2999,grid_search_results/final_policies/final_policy_combo1_seed36.pt,1.3442150354385376,1.1750191450119019,0.0005573859671130776,0.006582440342754126,-0.06448030471801758
1,10,0.001,20,True,0.1,1.0,1.0,1.0,fixed,True,0.00022,0.00015,False,37,2.0117838382720947,1335,grid_search_results/policies/policy_combo1_seed37.pt,False,2999,grid_search_results/final_policies/final_policy_combo1_seed37.pt,1.3099874258041382,1.1725183725357056,0.0005494217039085925,0.006657916121184826,-0.06562232971191406
1,10,0.001,20,True,0.1,1.0,1.0,1.0,fixed,True,0.00022,0.00015,False,38,2.0390119552612305,1375,grid_search_results/policies/policy_combo1_seed38.pt,False,2999,grid_search_results/final_policies/final_policy_combo1_seed38.pt,1.1970648765563965,1.160141944885254,0.000510006386321038,0.006763283163309097,-0.06409716606140137
1,10,0.001,20,True,0.1,1.0,1.0,1.0,fixed,True,0.00022,0.00015,False,39,2.0443286895751953,2950,grid_search_results/policies/policy_combo1_seed39.pt,False,2999,grid_search_results/final_policies/final_policy_combo1_seed39.pt,1.2334386110305786,1.1658637523651123,0.0005282284691929817,0.006798356305807829,-0.07527047395706177
1,10,0.001,20,True,0.1,1.0,1.0,1.0,fixed,True,0.00022,0.00015,False,40,2.126844644546509,2970,grid_search_results/policies/policy_combo1_seed40.pt,False,2999,grid_search_results/final_policies/final_policy_combo1_seed40.pt,1.5923866033554077,1.2039657831192017,0.0006495725829154253,0.0064755817875266075,-0.057322680950164795
1,10,0.001,20,True,0.1,1.0,1.0,1.0,fixed,True,0.00022,0.00015,False,41,1.954658031463623,1620,grid_search_results/policies/policy_combo1_seed41.pt,False,2999,grid_search_results/final_policies/final_policy_combo1_seed41.pt,1.4035388231277466,1.1824532747268677,0.0005810614675283432,0.0065719960257411,-0.0711403489112854
1,10,0.001,20,True,0.1,1.0,1.0,1.0,fixed,True,0.00022,0.00015,False,42,2.068220853805542,1070,grid_search_results/policies/policy_combo1_seed42.pt,False,2999,grid_search_results/final_policies/final_policy_combo1_seed42.pt,1.450040340423584,1.190239429473877,0.0006058579892851412,0.006632700562477112,-0.053538620471954346
1,10,0.001,20,True,0.1,1.0,1.0,1.0,fixed,True,0.00022,0.00015,False,43,2.1819729804992676,1720,grid_search_results/policies/policy_combo1_seed43.pt,False,2999,grid_search_results/final_policies/final_policy_combo1_seed43.pt,1.3628944158554077,1.1718904972076416,0.000547422154340893,0.006376168224960566,-0.05855065584182739
1,10,0.001,20,True,0.1,1.0,1.0,1.0,fixed,True,0.00022,0.00015,False,44,1.8724727630615234,1125,grid_search_results/policies/policy_combo1_seed44.pt,False,2999,grid_search_results/final_policies/final_policy_combo1_seed44.pt,1.3449441194534302,1.1753687858581543,0.0005584993632510304,0.006592012941837311,-0.06478720903396606
1,10,0.001,20,True,0.1,1.0,1.0,1.0,fixed,True,0.00022,0.00015,False,45,2.097898006439209,2335,grid_search_results/policies/policy_combo1_seed45.pt,False,2999,grid_search_results/final_policies/final_policy_combo1_seed45.pt,1.1409894227981567,1.1518146991729736,0.0004834862193092704,0.006726700812578201,-0.06643855571746826
1,10,0.001,20,True,0.1,1.0,1.0,1.0,fixed,True,0.00022,0.00015,False,46,1.9957340955734253,1660,grid_search_results/policies/policy_combo1_seed46.pt,False,2999,grid_search_results/final_policies/final_policy_combo1_seed46.pt,1.1971246004104614,1.1570088863372803,0.0005000281380489469,0.006630629301071167,-0.06603747606277466
1,10,0.001,20,True,0.1,1.0,1.0,1.0,fixed,True,0.00022,0.00015,False,47,2.1282894611358643,1190,grid_search_results/policies/policy_combo1_seed47.pt,False,2999,grid_search_results/final_policies/final_policy_combo1_seed47.pt,1.5258123874664307,1.1948211193084717,0.0006204494275152683,0.006455128081142902,-0.06064242124557495
1,10,0.001,20,True,0.1,1.0,1.0,1.0,fixed,True,0.00022,0.00015,False,48,2.2395284175872803,1535,grid_search_results/policies/policy_combo1_seed48.pt,False,2999,grid_search_results/final_policies/final_policy_combo1_seed48.pt,1.4182775020599365,1.1820597648620605,0.0005798079655505717,0.0064896694384515285,-0.058615803718566895
1,10,0.001,20,True,0.1,1.0,1.0,1.0,fixed,True,0.00022,0.00015,False,49,1.943543553352356,950,grid_search_results/policies/policy_combo1_seed49.pt,False,2999,grid_search_results/final_policies/final_policy_combo1_seed49.pt,1.3477787971496582,1.1812529563903809,0.0005772387376055121,0.006798866204917431,-0.06780028343200684
